49 0.73515625 0.7984375 0.10703125 0.1921875
52 0.25 0.72890625 0.22265625 0.1
47 0.21171875 0.62421875 0.05234375 0.11171875
47 0.459375 0.5734375 0.05078125 0.10078125
52 0.5328125 0.6546875 0.18984375 0.0921875
3 0.58203125 0.790625 0.03828125 0.0484375
3 0.48203125 0.78046875 0.0390625 0.04921875
3 0.4828125 0.95078125 0.04453125 0.05703125
3 0.6375 0.703125 0.03984375 0.04921875
3 0.6421875 0.8 0.04296875 0.05
3 0.6359375 0.90078125 0.04375 0.04765625
3 0.56875 0.971875 0.04609375 0.04609375
3 0.340625 0.96328125 0.040625 0.06171875
3 0.30234375 0.96953125 0.0453125 0.0609375