48 0.321875 0.4078125 0.19375 0.16640625
46 0.36640625 0.64453125 0.3609375 0.23671875
46 0.67578125 0.590625 0.30703125 0.253125
41 0.57890625 0.5 0.05703125 0.0546875
20 0.7375 0.58203125 0.12890625 0.196875
30 0.92421875 0.4125 0.1515625 0.5359375
4 0.4671875 0.41875 0.071875 0.22265625
3 0.2609375 0.615625 0.04140625 0.021875
3 0.259375 0.68125 0.0421875 0.04375
3 0.26484375 0.76640625 0.0453125 0.0421875
3 0.490625 0.58046875 0.03828125 0.0359375
3 0.4859375 0.646875 0.040625 0.03984375
3 0.48828125 0.721875 0.03984375 0.04609375
3 0.38515625 0.59140625 0.03515625 0.04140625
3 0.38359375 0.671875 0.04609375 0.03984375
3 0.3828125 0.7375 0.03984375 0.04609375