30 0.39296875 0.63671875 0.1328125 0.35234375
30 0.8703125 0.61015625 0.05703125 0.22734375
54 0.125 0.4796875 0.1328125 0.29765625
54 0.6359375 0.5125 0.078125 0.209375
54 0.74296875 0.521875 0.07578125 0.21015625
54 0.9625 0.5234375 0.065625 0.20703125
54 0.396875 0.3984375 0.11640625 0.11328125
4 0.278125 0.3546875 0.0515625 0.221875
4 0.70078125 0.43359375 0.0484375 0.2125
4 0.9515625 0.4375 0.04609375 0.14453125
23 0.478125 0.54453125 0.0609375 0.68203125
23 0.76171875 0.56015625 0.05703125 0.553125
23 0.9453125 0.53125 0.059375 0.50625
23 0.04140625 0.54609375 0.07734375 0.84140625