39 0.4484375 0.47109375 0.1875 0.28125
39 0.459375 0.7828125 0.16796875 0.246875
39 0.29609375 0.36640625 0.1109375 0.109375
41 0.64453125 0.6625 0.0375 0.0734375
44 0.1015625 0.55 0.13203125 0.48828125
30 0.3125 0.78125 0.10546875 0.2203125
30 0.21953125 0.7296875 0.08046875 0.1890625
30 0.26796875 0.23828125 0.05859375 0.08828125
30 0.328125 0.2296875 0.05703125 0.1015625
30 0.40078125 0.196875 0.0859375 0.2171875
3 0.70390625 0.87578125 0.0609375 0.040625
3 0.43828125 0.2578125 0.02734375 0.0765625
3 0.45859375 0.25 0.025 0.0890625
3 0.22109375 0.66328125 0.03515625 0.0375
3 0.30703125 0.709375 0.0328125 0.046875
3 0.42265625 0.6921875 0.0734375 0.0453125
3 0.30859375 0.375 0.02109375 0.08046875
3 0.44375 0.4453125 0.13125 0.03671875
3 0.115625 0.4703125 0.03046875 0.196875