26 0.33125 0.5171875 0.0671875 0.05078125
26 0.4953125 0.51640625 0.07890625 0.04296875
26 0.63828125 0.51875 0.08359375 0.04609375
36 0.68203125 0.4828125 0.07890625 0.10546875
36 0.59140625 0.178125 0.08046875 0.06875
36 0.5078125 0.18671875 0.09140625 0.05078125
26 0.33125 0.47109375 0.05859375 0.05
26 0.28046875 0.4640625 0.04296875 0.04609375
7 0.6 0.30546875 0.0625 0.06796875
7 0.36796875 0.3046875 0.0546875 0.05625
7 0.41953125 0.259375 0.04453125 0.04453125
7 0.5078125 0.26796875 0.0578125 0.06328125
7 0.36171875 0.2640625 0.06640625 0.06015625
7 0.421875 0.29921875 0.05546875 0.06328125
7 0.48515625 0.5 0.91953125 0.96875
3 0.48046875 0.71953125 0.10390625 0.046875
3 0.165625 0.63046875 0.0890625 0.0421875
3 0.8171875 0.6265625 0.0875 0.05390625
3 0.48046875 0.803125 0.10390625 0.05078125
3 0.484375 0.890625 0.09375 0.053125
3 0.284375 0.79765625 0.04375 0.084375
3 0.6890625 0.79765625 0.03359375 0.09765625