14 0.33828125 0.2953125 0.33515625 0.465625
7 0.884375 0.59609375 0.0734375 0.13046875
7 0.7078125 0.6375 0.065625 0.08671875
7 0.6421875 0.53046875 0.053125 0.1140625
7 0.7078125 0.57109375 0.0625 0.103125
0 0.51875 0.5875 0.18359375 0.0875
0 0.88828125 0.7171875 0.22265625 0.12109375
46 0.6 0.675 0.7796875 0.54140625
46 0.728125 0.39609375 0.14921875 0.12265625
3 0.36328125 0.178125 0.034375 0.0765625
3 0.39140625 0.171875 0.0296875 0.07578125
3 0.3578125 0.4484375 0.0421875 0.071875
3 0.3875 0.44453125 0.03671875 0.0734375