27 0.165625 0.50390625 0.27421875 0.19375
27 0.4375 0.50546875 0.2203125 0.1703125
27 0.6625 0.55 0.10625 0.18359375
27 0.75234375 0.63203125 0.0921875 0.18828125
27 0.8609375 0.725 0.15859375 0.1984375
20 0.215625 0.72734375 0.1296875 0.246875
20 0.434375 0.7078125 0.12421875 0.24296875
20 0.5984375 0.70625 0.12734375 0.23984375
20 0.63984375 0.75078125 0.1265625 0.22109375
20 0.7734375 0.8890625 0.1484375 0.221875
24 0.19921875 0.4546875 0.13125 0.1796875
24 0.3984375 0.46328125 0.12109375 0.15234375
24 0.68046875 0.51015625 0.12265625 0.14921875
24 0.7625 0.55234375 0.1328125 0.14921875
24 0.89609375 0.64140625 0.16484375 0.2078125