21 0.58828125 0.7828125 0.16171875 0.23046875
21 0.36796875 0.63828125 0.11640625 0.15234375
21 0.8890625 0.66171875 0.2109375 0.10234375
21 0.20546875 0.59765625 0.1078125 0.07265625
21 0.08125 0.59765625 0.13359375 0.11640625
21 0.84453125 0.509375 0.13203125 0.0953125
21 0.51640625 0.584375 0.1328125 0.15703125
21 0.75625 0.478125 0.09375 0.09921875
21 0.6703125 0.50234375 0.0921875 0.109375
21 0.35078125 0.4484375 0.134375 0.07734375
21 0.303125 0.5171875 0.146875 0.09140625
21 0.2421875 0.54140625 0.1 0.08984375
21 0.15703125 0.50546875 0.10625 0.090625
21 0.21328125 0.45859375 0.1046875 0.11640625
21 0.42890625 0.365625 0.11328125 0.06171875
21 0.45859375 0.31640625 0.11875 0.12421875
21 0.5671875 0.31953125 0.08125 0.0578125
21 0.078125 0.34453125 0.10703125 0.06640625
21 0.2140625 0.31796875 0.0828125 0.0734375
21 0.8015625 0.3625 0.11015625 0.06796875
21 0.715625 0.42890625 0.14609375 0.06328125
21 0.51484375 0.45 0.16953125 0.06875
21 0.38359375 0.9546875 0.196875 0.090625
21 0.86015625 0.83046875 0.1828125 0.1625