23 0.47109375 0.48046875 0.05703125 0.94921875
23 0.53828125 0.51328125 0.05859375 0.9734375
23 0.6265625 0.50546875 0.04453125 0.96875
23 0.77734375 0.3671875 0.03671875 0.684375
23 0.43125 0.49765625 0.05546875 0.82265625
23 0.396875 0.50390625 0.03125 0.62265625
23 0.34375 0.49765625 0.03359375 0.5109375
23 0.22734375 0.38984375 0.05546875 0.55625
4 0.06015625 0.459375 0.05078125 0.89453125
4 0.0828125 0.484375 0.0375 0.8078125
40 0.2734375 0.81875 0.05546875 0.3625
40 0.371875 0.7953125 0.06953125 0.38515625
40 0.20625 0.74765625 0.04765625 0.24453125
40 0.90546875 0.65078125 0.1890625 0.6265625