39 0.6421875 0.21328125 0.259375 0.23125
39 0.54921875 0.77578125 0.2375 0.44765625
51 0.1171875 0.3515625 0.1734375 0.5171875
0 0.56484375 0.49921875 0.06171875 0.053125
3 0.38828125 0.59375 0.04140625 0.0515625
3 0.38671875 0.690625 0.0390625 0.05625
3 0.38671875 0.81015625 0.04375 0.053125
3 0.82109375 0.78046875 0.06953125 0.0609375
3 0.7796875 0.9078125 0.04609375 0.07734375
3 0.8328125 0.915625 0.04921875 0.0671875
3 0.30078125 0.5484375 0.05 0.03984375
44 0.22890625 0.62890625 0.075 0.30546875