40 0.11171875 0.52421875 0.1453125 0.69375
40 0.93515625 0.72578125 0.12890625 0.546875
22 0.81796875 0.7484375 0.12734375 0.47265625
10 0.32890625 0.74609375 0.13359375 0.24140625
20 0.3046875 0.73203125 0.196875 0.3078125
20 0.4640625 0.74296875 0.1609375 0.34609375
20 0.628125 0.74765625 0.16328125 0.35078125
20 0.27109375 0.51640625 0.1125 0.16796875
20 0.340625 0.503125 0.10625 0.18984375
20 0.42734375 0.521875 0.10390625 0.2109375
20 0.50703125 0.50859375 0.0984375 0.2140625
20 0.5890625 0.50390625 0.0984375 0.21796875
40 0.4078125 0.38359375 0.0953125 0.31640625