43 0.09453125 0.2375 0.1703125 0.2859375
43 0.04375 0.48359375 0.0875 0.371875
43 0.25625 0.70390625 0.16953125 0.325
43 0.37578125 0.60703125 0.221875 0.4140625
43 0.63984375 0.79609375 0.16953125 0.38046875
43 0.834375 0.7609375 0.2828125 0.45
43 0.59453125 0.5390625 0.16796875 0.33359375
43 0.50625 0.38359375 0.16953125 0.38359375
43 0.6671875 0.409375 0.12265625 0.325
43 0.18828125 0.578125 0.165625 0.371875
43 0.30859375 0.23046875 0.16640625 0.33359375
43 0.36328125 0.34609375 0.15703125 0.29140625
43 0.83515625 0.14296875 0.1515625 0.2859375
43 0.83671875 0.4515625 0.20234375 0.40859375
43 0.62109375 0.21796875 0.15703125 0.3359375
43 0.66953125 0.15 0.13515625 0.278125