44 0.7515625 0.5046875 0.2421875 0.79140625
39 0.46875 0.6453125 0.13671875 0.334375
0 0.09296875 0.434375 0.1421875 0.13515625
39 0.50859375 0.1453125 0.1625 0.184375
3 0.409375 0.10390625 0.05546875 0.04609375
3 0.4140625 0.16875 0.0296875 0.0234375
3 0.40859375 0.18046875 0.04140625 0.0234375
3 0.40546875 0.19375 0.040625 0.02734375
3 0.6203125 0.13359375 0.0375 0.03125
3 0.62890625 0.14375 0.034375 0.028125
3 0.621875 0.16328125 0.03046875 0.03125
3 0.62421875 0.04296875 0.028125 0.0296875
3 0.621875 0.08046875 0.028125 0.02734375
46 0.14921875 0.74296875 0.2859375 0.51328125