52 0.64765625 0.57578125 0.11484375 0.03984375
47 0.68203125 0.51953125 0.04921875 0.046875
44 0.840625 0.6515625 0.20859375 0.678125
10 0.3484375 0.93359375 0.16484375 0.1328125
10 0.21328125 0.93515625 0.11171875 0.125
10 0.4984375 0.93671875 0.1296875 0.12578125
46 0.2921875 0.66484375 0.321875 0.11796875
20 0.19609375 0.73984375 0.1640625 0.1578125
20 0.16875 0.66171875 0.1484375 0.146875
20 0.3828125 0.71796875 0.16875 0.1703125
20 0.3515625 0.63359375 0.1421875 0.11640625
39 0.34375 0.64296875 0.17734375 0.16328125