54 0.259375 0.22109375 0.06171875 0.14375
54 0.55859375 0.2765625 0.0453125 0.1546875
54 0.66328125 0.27890625 0.02890625 0.11796875
54 0.709375 0.27890625 0.03359375 0.1125
54 0.259375 0.52265625 0.05859375 0.17578125
54 0.809375 0.08671875 0.03515625 0.11015625
54 0.41171875 0.26328125 0.0640625 0.2328125
54 0.79765625 0.290625 0.0234375 0.11015625
54 0.878125 0.10625 0.03203125 0.1125
54 0.878125 0.30546875 0.03828125 0.10234375
54 0.9375 0.1234375 0.03046875 0.09921875
54 0.9375 0.30625 0.03359375 0.1203125
18 0.359375 0.65390625 0.1859375 0.128125
18 0.64296875 0.634375 0.1609375 0.15703125
18 0.84296875 0.6 0.16953125 0.15234375
30 0.4171875 0.57890625 0.07890625 0.30390625
30 0.53125 0.565625 0.096875 0.2515625
30 0.696875 0.5921875 0.10546875 0.2828125
30 0.8078125 0.58125 0.0671875 0.25703125
30 0.88359375 0.58046875 0.06328125 0.22265625
30 0.946875 0.55 0.05234375 0.16796875