44 0.10078125 0.621875 0.2015625 0.75625
46 0.26484375 0.54296875 0.1 0.24296875
46 0.58359375 0.5484375 0.4109375 0.14609375
14 0.85859375 0.4828125 0.17578125 0.1859375
5 0.57734375 0.3453125 0.071875 0.134375
8 0.54921875 0.4265625 0.1375 0.0828125
20 0.3859375 0.54375 0.1171875 0.1953125
20 0.55859375 0.603125 0.11875 0.1890625
20 0.68203125 0.58359375 0.11640625 0.209375
20 0.80859375 0.53984375 0.11640625 0.21875
20 0.509375 0.4796875 0.10078125 0.1734375
20 0.61171875 0.4796875 0.08828125 0.1796875
10 0.80078125 0.52578125 0.0609375 0.1375