39 0.7484375 0.6203125 0.11328125 0.2296875
39 0.940625 0.51171875 0.1078125 0.1296875
54 0.67890625 0.33125 0.1578125 0.25625
24 0.265625 0.45625 0.10546875 0.146875
20 0.3859375 0.696875 0.115625 0.29375
20 0.49609375 0.75 0.1328125 0.3703125
20 0.1140625 0.53671875 0.071875 0.16171875
20 0.065625 0.49375 0.071875 0.1234375
20 0.175 0.50703125 0.0484375 0.14375
20 0.1296875 0.4515625 0.06875 0.13203125
46 0.5515625 0.5984375 0.3140625 0.1796875
46 0.1 0.5015625 0.19921875 0.10859375
54 0.07734375 0.34375 0.146875 0.3
54 0.21875 0.3515625 0.078125 0.2734375