50 0.1234375 0.46328125 0.1734375 0.7015625
50 0.478125 0.5140625 0.08515625 0.521875
50 0.58671875 0.609375 0.0484375 0.28984375
50 0.64921875 0.64453125 0.05546875 0.1984375
50 0.6875 0.61953125 0.03125 0.24765625
50 0.71640625 0.64453125 0.02578125 0.21875
23 0.35234375 0.42265625 0.0484375 0.71484375
23 0.60390625 0.490625 0.04140625 0.5265625
23 0.978125 0.68984375 0.03984375 0.2375
18 0.39296875 0.72734375 0.078125 0.09375
18 0.35234375 0.6796875 0.08671875 0.1015625
18 0.5546875 0.7015625 0.05390625 0.1046875
18 0.84375 0.72265625 0.0484375 0.0890625
18 0.91171875 0.72890625 0.05546875 0.0703125