23 0.22734375 0.625 0.05625 0.74453125
23 0.36015625 0.6203125 0.0296875 0.5484375
23 0.39921875 0.58359375 0.0296875 0.434375
23 0.4984375 0.546875 0.02734375 0.478125
23 0.5953125 0.57890625 0.0234375 0.43125
23 0.7765625 0.6390625 0.0453125 0.72109375
23 0.6296875 0.6390625 0.025 0.51640625
20 0.2375 0.925 0.296875 0.14921875
20 0.275 0.83984375 0.2375 0.13203125
20 0.315625 0.7796875 0.18359375 0.12265625
20 0.653125 0.7578125 0.17578125 0.1203125
20 0.68359375 0.8171875 0.16015625 0.16015625
20 0.7703125 0.91796875 0.28984375 0.16328125
20 0.409375 0.62109375 0.07109375 0.07421875
20 0.42109375 0.596875 0.07421875 0.0765625
20 0.58125 0.6140625 0.08515625 0.05078125
20 0.58046875 0.59296875 0.08359375 0.05078125