40 0.7265625 0.590625 0.125 0.70703125
40 0.2796875 0.6 0.109375 0.290625
40 0.50703125 0.61875 0.0953125 0.3046875
40 0.35078125 0.5015625 0.0796875 0.1703125
40 0.2421875 0.4953125 0.09765625 0.17578125
40 0.6171875 0.49140625 0.0625 0.1671875
40 0.475 0.4953125 0.08203125 0.1703125
10 0.40234375 0.7609375 0.0703125 0.14375
10 0.575 0.72421875 0.071875 0.1703125
20 0.15703125 0.62734375 0.103125 0.22890625
20 0.39765625 0.6640625 0.103125 0.23203125
20 0.421875 0.5765625 0.0703125 0.1203125
20 0.284375 0.6703125 0.1390625 0.24375
20 0.5125 0.69765625 0.11875 0.22890625
20 0.61796875 0.63359375 0.0921875 0.1875
20 0.9546875 0.60546875 0.0859375 0.17890625
20 0.90234375 0.575 0.078125 0.1703125
20 0.075 0.58359375 0.0953125 0.19921875