40 0.7703125 0.68203125 0.134375 0.4015625
40 0.54375 0.6921875 0.103125 0.38671875
40 0.290625 0.7390625 0.109375 0.4109375
40 0.15234375 0.70078125 0.11328125 0.36328125
40 0.35234375 0.51640625 0.0640625 0.26953125
40 0.5328125 0.5 0.08203125 0.2609375
40 0.6046875 0.3140625 0.0765625 0.2875
40 0.2453125 0.334375 0.1109375 0.28125
40 0.14140625 0.475 0.0875 0.22265625
40 0.59765625 0.10546875 0.06640625 0.20546875
40 0.82109375 0.27109375 0.0953125 0.32578125
40 0.93828125 0.43984375 0.1 0.4515625
5 0.840625 0.46484375 0.303125 0.79453125
10 0.609375 0.85625 0.078125 0.15234375
10 0.3484375 0.86328125 0.1 0.14921875
10 0.1796875 0.89296875 0.0859375 0.12578125
10 0.8671875 0.20546875 0.07421875 0.15859375
10 0.63125 0.284375 0.06640625 0.13515625
10 0.30390625 0.31953125 0.0609375 0.140625
20 0.44453125 0.75234375 0.0953125 0.25546875
20 0.071875 0.75390625 0.09375 0.24609375
20 0.646875 0.73203125 0.109375 0.2203125
20 0.4359375 0.5953125 0.1015625 0.15859375
20 0.24375 0.51015625 0.08203125 0.1234375
20 0.4359375 0.53046875 0.08984375 0.15859375
20 0.61328125 0.53671875 0.078125 0.1703125
20 0.703125 0.53515625 0.07421875 0.1671875
20 0.43125 0.41953125 0.06640625 0.1234375
20 0.18828125 0.38828125 0.05625 0.10859375
20 0.35859375 0.39765625 0.0796875 0.096875
20 0.36328125 0.33984375 0.08984375 0.0765625
20 0.43828125 0.328125 0.071875 0.06484375
20 0.5046875 0.32578125 0.071875 0.0765625
20 0.040625 0.52890625 0.08125 0.1078125