46 0.459375 0.63359375 0.33515625 0.25234375
46 0.12265625 0.4046875 0.23359375 0.1828125
46 0.35859375 0.3203125 0.18359375 0.14140625
46 0.68046875 0.47265625 0.29765625 0.175
46 0.8375 0.378125 0.25859375 0.146875
46 0.55859375 0.2796875 0.17109375 0.1
46 0.203125 0.2359375 0.18984375 0.1109375
46 0.16484375 0.7984375 0.32890625 0.2828125
46 0.39609375 0.20625 0.15 0.11328125
46 0.54453125 0.184375 0.13515625 0.11328125
46 0.621875 0.1625 0.11484375 0.125
46 0.66875 0.246875 0.15390625 0.1109375
46 0.78203125 0.196875 0.15234375 0.11640625
20 0.309375 0.7375 0.18984375 0.34921875
20 0.603125 0.5890625 0.18125 0.340625
20 0.225 0.38515625 0.12890625 0.24375
20 0.428125 0.353125 0.12734375 0.246875
20 0.56640625 0.28828125 0.13359375 0.19375
20 0.71328125 0.2703125 0.08984375 0.16328125
20 0.746875 0.52421875 0.17734375 0.32734375
20 0.88046875 0.46015625 0.12265625 0.32734375
20 0.26640625 0.26640625 0.12109375 0.21640625
20 0.43046875 0.21328125 0.10625 0.1828125
20 0.55546875 0.19375 0.08984375 0.1609375
20 0.65703125 0.196875 0.09765625 0.18828125
20 0.81953125 0.23984375 0.10625 0.22421875