40 0.1578125 0.7125 0.11015625 0.253125
40 0.55 0.36796875 0.09609375 0.31640625
40 0.83359375 0.84609375 0.21484375 0.14453125
40 0.709375 0.765625 0.1125 0.21796875
40 0.62734375 0.33125 0.0765625 0.15546875
40 0.0484375 0.34609375 0.04921875 0.234375
40 0.42890625 0.3109375 0.04296875 0.234375
40 0.375 0.2640625 0.0453125 0.2234375
40 0.68984375 0.31640625 0.05703125 0.1578125
40 0.91171875 0.07734375 0.0390625 0.14453125
40 0.81953125 0.1671875 0.04140625 0.1171875
40 0.72265625 0.1578125 0.04296875 0.11953125