20 0.33515625 0.65078125 0.090625 0.23984375
20 0.5125 0.64765625 0.075 0.2125
20 0.60078125 0.63984375 0.07890625 0.2
20 0.609375 0.53203125 0.0640625 0.13515625
20 0.690625 0.665625 0.0765625 0.26484375
20 0.68125 0.53125 0.07890625 0.175
20 0.565625 0.45546875 0.05546875 0.13125
20 0.6234375 0.46640625 0.071875 0.14140625
20 0.58203125 0.396875 0.053125 0.10625
20 0.628125 0.39609375 0.05546875 0.1125
20 0.678125 0.3625 0.0484375 0.10859375
20 0.6265625 0.35234375 0.05 0.09140625
40 0.421875 0.665625 0.06640625 0.31875
40 0.771875 0.65546875 0.109375 0.60234375
40 0.85 0.52734375 0.06953125 0.24609375
40 0.921875 0.53125 0.0984375 0.25
40 0.55078125 0.48359375 0.0515625 0.09140625
40 0.478125 0.5 0.065625 0.1625
40 0.4078125 0.48984375 0.07109375 0.12890625
40 0.328125 0.48125 0.0765625 0.13359375
40 0.26328125 0.51171875 0.07109375 0.16015625
40 0.184375 0.521875 0.08359375 0.22265625
40 0.2609375 0.41328125 0.05546875 0.08125
40 0.3265625 0.40859375 0.05546875 0.0875
40 0.38828125 0.41328125 0.05390625 0.09765625
40 0.440625 0.40859375 0.053125 0.10390625
40 0.5 0.39140625 0.05 0.1
40 0.98046875 0.39375 0.0390625 0.11640625
40 0.91953125 0.34453125 0.05 0.09375
40 0.86640625 0.31484375 0.04140625 0.0875
40 0.06484375 0.38671875 0.05390625 0.11875
40 0.12421875 0.353125 0.059375 0.10625
40 0.31015625 0.19375 0.034375 0.09609375
40 0.31640625 0.33984375 0.03046875 0.06640625
40 0.35234375 0.3625 0.040625 0.1125
40 0.39921875 0.33828125 0.0484375 0.07734375
40 0.48515625 0.35703125 0.040625 0.07734375
40 0.19296875 0.3 0.025 0.0875
10 0.4859375 0.80546875 0.0890625 0.15234375
10 0.2109375 0.65078125 0.053125 0.11875
10 0.115625 0.66015625 0.065625 0.09140625
10 0.98203125 0.63671875 0.0359375 0.11015625
5 0.08046875 0.62890625 0.1109375 0.21640625