44 0.79765625 0.64765625 0.2828125 0.7046875
39 0.1390625 0.79375 0.1828125 0.4125
39 0.31171875 0.57890625 0.09453125 0.17421875
47 0.53359375 0.5484375 0.03984375 0.10078125
52 0.540625 0.640625 0.14140625 0.065625
46 0.5234375 0.83828125 0.54296875 0.1921875
0 0.525 0.84921875 0.1296875 0.07265625
0 0.51796875 0.76875 0.10703125 0.06328125
7 0.45390625 0.76484375 0.0390625 0.08515625
7 0.59453125 0.79609375 0.04140625 0.1328125
7 0.38671875 0.4546875 0.03046875 0.05859375
7 0.4125 0.44921875 0.02578125 0.07265625
7 0.43125 0.45078125 0.0328125 0.0671875
7 0.45546875 0.453125 0.028125 0.065625
7 0.4875 0.4578125 0.028125 0.07421875
7 0.6078125 0.4453125 0.02578125 0.05625
7 0.58125 0.4421875 0.0390625 0.06875
7 0.553125 0.43515625 0.03671875 0.0796875
7 0.5296875 0.44140625 0.0328125 0.07734375
7 0.50859375 0.440625 0.03671875 0.0796875