40 0.4390625 0.69765625 0.4671875 0.6046875
41 0.3625 0.82421875 0.1546875 0.125
42 0.72265625 0.325 0.33515625 0.26328125
42 0.2734375 0.11484375 0.24765625 0.1796875
42 0.10859375 0.90703125 0.0921875 0.13671875
42 0.18515625 0.83515625 0.0796875 0.08671875
42 0.66484375 0.846875 0.08984375 0.08359375
42 0.775 0.85546875 0.11484375 0.0546875
42 0.96953125 0.77265625 0.0609375 0.1109375
42 0.7515625 0.96171875 0.1328125 0.0765625
42 0.05625 0.84140625 0.0625 0.09296875
31 0.43125 0.43046875 0.14765625 0.0453125
40 0.13359375 0.64765625 0.14765625 0.2484375
40 0.8359375 0.6875 0.1828125 0.3953125