48 0.16328125 0.48984375 0.18203125 0.1390625
46 0.45390625 0.71484375 0.39296875 0.3234375
39 0.84453125 0.5 0.075 0.15390625
5 0.3875 0.51328125 0.13125 0.20703125
20 0.18515625 0.83359375 0.3703125 0.3234375
20 0.5921875 0.6234375 0.11875 0.18515625
20 0.78203125 0.83828125 0.28515625 0.3234375
20 0.759375 0.58125 0.09296875 0.13671875
20 0.66796875 0.59296875 0.096875 0.171875
20 0.5828125 0.559375 0.071875 0.140625
8 0.26640625 0.6125 0.36484375 0.18515625
8 0.04296875 0.65390625 0.08515625 0.1671875