34 0.71796875 0.8359375 0.225 0.17890625
34 0.38671875 0.80546875 0.10625 0.11015625
34 0.234375 0.771875 0.0625 0.08359375
34 0.16171875 0.71796875 0.06796875 0.09453125
34 0.35390625 0.73203125 0.05078125 0.06875
34 0.42421875 0.74375 0.075 0.08125
50 0.17890625 0.58515625 0.13515625 0.18125
50 0.29453125 0.60703125 0.1109375 0.203125
50 0.3953125 0.6078125 0.1234375 0.2046875
50 0.5328125 0.61015625 0.14765625 0.21953125
50 0.71484375 0.625 0.13984375 0.21015625
50 0.9046875 0.62734375 0.15703125 0.20625