8 0.34609375 0.615625 0.53125 0.178125
8 0.25078125 0.79609375 0.36875 0.4078125
46 0.59296875 0.73515625 0.18203125 0.2078125
5 0.8125 0.38203125 0.3546875 0.46171875
46 0.2046875 0.52265625 0.21171875 0.1078125
46 0.4578125 0.49765625 0.15703125 0.0890625
54 0.13125 0.3953125 0.21796875 0.28359375
20 0.45546875 0.5046875 0.04140625 0.08203125
20 0.48984375 0.5125 0.0390625 0.0796875
20 0.22890625 0.54375 0.10078125 0.09375
20 0.046875 0.57578125 0.09375 0.15859375
20 0.309375 0.53359375 0.04921875 0.11484375
35 0.32421875 0.3875 0.0734375 0.14609375