50 0.34765625 0.23046875 0.1625 0.20859375
50 0.73359375 0.21171875 0.2171875 0.1984375
40 0.4828125 0.6609375 0.0828125 0.0921875
18 0.153125 0.57734375 0.27578125 0.0921875
18 0.1609375 0.50546875 0.296875 0.1
18 0.21875 0.46328125 0.33984375 0.10234375
18 0.875 0.74375 0.24921875 0.1140625
18 0.875 0.65703125 0.24921875 0.0921875
18 0.86875 0.57734375 0.26015625 0.071875
18 0.84921875 0.515625 0.3015625 0.071875
18 0.8609375 0.46875 0.2390625 0.0796875
18 0.80390625 0.346875 0.18046875 0.053125
18 0.8515625 0.45 0.2328125 0.07578125
18 0.84375 0.40625 0.20546875 0.065625
18 0.27265625 0.40546875 0.2390625 0.0671875
18 0.3140625 0.3796875 0.2296875 0.053125
18 0.3125 0.35859375 0.20234375 0.05078125
18 0.090625 0.7359375 0.18046875 0.12890625