10 0.70859375 0.8171875 0.26171875 0.221875
10 0.1953125 0.76953125 0.2234375 0.17890625
22 0.4765625 0.64296875 0.29140625 0.45625
22 0.7546875 0.58125 0.2171875 0.4046875
22 0.928125 0.53671875 0.14375 0.3828125
22 0.39140625 0.45859375 0.2109375 0.190625
46 0.33046875 0.64765625 0.36875 0.22421875
46 0.1203125 0.54921875 0.23515625 0.11875
46 0.11171875 0.44921875 0.2234375 0.0890625
46 0.7140625 0.55859375 0.29140625 0.14453125
46 0.63125 0.46953125 0.190625 0.125
46 0.928125 0.51484375 0.14375 0.1234375
20 0.2265625 0.57109375 0.20234375 0.23046875
20 0.20234375 0.50078125 0.13125 0.16875
20 0.6953125 0.50234375 0.121875 0.19453125
20 0.2171875 0.44140625 0.1484375 0.17265625