53 0.1484375 0.77109375 0.14296875 0.26796875
54 0.62109375 0.4421875 0.15078125 0.44921875
36 0.4859375 0.59453125 0.0421875 0.11328125
36 0.453125 0.58515625 0.03828125 0.1
44 0.83828125 0.684375 0.23828125 0.63046875
39 0.39453125 0.78125 0.071875 0.215625
26 0.415625 0.56328125 0.021875 0.0546875
26 0.415625 0.5234375 0.021875 0.03984375
26 0.43671875 0.52734375 0.02578125 0.05
26 0.428125 0.55625 0.0234375 0.0515625
52 0.2390625 0.59609375 0.07890625 0.08359375
47 0.2390625 0.50234375 0.0421875 0.04453125
39 0.56328125 0.8890625 0.1546875 0.22109375